5751
2600
2339
2561
4293
2584
3130
4220
6278
1680
2606
4840
1924
2953
1470
1551
1315
1159
6074
1622
630
6614
2188
3825
5232
1143
5039
6359
1308
4634
2519
4696
407
1713
6321
6576
2350
1428
4878
5901
4971
875
3051
3017
945
3096
5885
2543
1689
1931
6179
3895
2894
5671
157
1529
6234
3198
1515
5900
611
4949
933
6085
1794
2750
6201
1286
3169
1912
2974
6140
5881
3438
4353
5538
4479
3427
5181
67
1804
2041
6118
2480
1316
1527
206
4879
4861
3530
3273
230
5003
2771
4699
5405
3735
2038
3643
864
3682
679
3567
4390
3668
1781
6437
2065
6217
6013
4379
2175
4262
1542
2518
4335
1783
6529
4291
2368
6160
1525
5318
1969
2295
5701
1819
1888
2279
3573
3616
5493
5426
4643
4980
2259
1245
3854
5176
1425
5550
4395
894
1272
2970
3161
1965
5097
6245
6604
3282
1338
4734
5680
4115
5167
4618
2914
331
190
2486
3872
1652
2677
86
4000
5199
3020
6181
2987
3621
6259
5078
3076
1879
2488
4239
6440
5445
645
6116
4443
6526
2630
6448
3060
1693
2434
2365
3033
5020
5238
5396
6014
801
292
4706
3058
667
903
6316
5561
1535
1012
1320
4551
5917
5626
6500
112
1752
3165
4052
384
3683
5587
1072
5842
536
5528
360
1151
425
2397
3416
3575
969
3080
2610
3322
5032
5491
6365
2389
276
401
4972
5104
3362
3066
4308
517
1142
4603
5650
6056
5477
6057
2362
6479
980
6483
2671
2612
2124
4982
4508
2254
4563
227
5161
1446
3676
1571
3397
3914
1673
5668
3453
3548
3899
2720
6485
2881
5962
3000
3924
2916
598
5317
4250
426
3138
4953
701
551
4267
3555
6357
2310
214
670
3955
3132
1204
6035
3556
5832
5476
4465
6147
5441
5480
6356
2690
5955
296
2161
3673
604
6575
4664
5829
5402
5994
3596
4377
4480
6301
2121
6470
1002
1592
736
4323
3446
199
3829
3462
4034
1222
3893
5634
5581
2834
1285
896
2005
488
2438
3812
4447
5489
3935
6225
129
3583
2717
2176
4374
6612
1221
4288
2875
5348
1530
2878
3042
4700
6467
1504
6599
3965
3856
4623
5705
3208
1751
2358
3436
1620
6433
2668
1351
2019
1944
4605
5718
1523
6077
1479
4087
391
1062
2888
1108
3422
6248
3696
5517
818
633
3993
1570
412
460
1068
3915
5519
2759
147
4095
6251
283
3062
6354
4848
2978
338
2106
2451
1077
3648
5086
973
6538
3566
4818
2805
3569
1548
6026
2411
4549
5053
3656
5543
4777
2798
4090
2753
300
6043
2976
3897
457
5446
4411
5691
5189
2107
5738
5336
5752
2903
325
1906
4974
1997
6197
6381
5159
2264
6272
5305
812
3937
3568
1161
6595
2959
3834
5383
3951
5988
717
6154
3477
1023
4659
1391
5888
4729
4710
4298
4891
5868
6032
5081
1983
3283
5646
6472
4755
2910
3667
1726
2773
226
2597
708
3504
4977
2129
546
3702
706
1975
1228
2316
4509
5093
924
5812
3401
6573
5443
786
484
5534
2711
6445
5469
6150
1786
492
49
3790
1517
2945
1852
5090
559
6352
6124
2379
448
1637
1262
931
5009
1073
5992
1731
4168
3350
5666
4613
259
5449
6084
6011
599
2749
5866
5975
6149
759
5175
312
3341
2252
644
473
70
3832
4020
303
4297
3635
1397
4378
2122
1041
907
2699
4999
2633
5970
5952
4743
4653
242
3584
6188
3084
76
4745
5655
2593
2067
6178
4642
109
2644
5780
2729
1812
1008
5702
5430
4566
4865
5662
163
1331
2182
5892
6502
55
6290
1801
1153
3876
5520
5292
3954
3078
4617
372
578
2266
4870
98
3137
3917
89
5163
175
4694
2472
5101
4607
5258
5213
5656
5116
6474
3267
654
3751
3514
1063
661
2893
2330
1896
5857
5721
934
5165
5946
792
264
217
5416
5460
4029
6187
677
2529
2849
3759
1516
2904
2256
2487
4123
3448
4504
3685
1911